1384082799235	,2.961439
1384082799238	,3.295783
1384082799241	,2.9031398
1384082799244	,2.671559
1384082799249	,4.1797776
1384082799254	,5.4768233
1384082799262	,7.8706937
1384082799270	,7.654552
1384082799273	,2.208032
1384082799275	,2.3328621
1384082799277	,1.984776
1384082799280	,2.6233568
1384082799283	,2.767149
1384082799287	,4.367928
1384082799290	,2.831196
1384082799293	,2.201201
1384082799296	,2.718132
1384082799298	,2.044985
1384082799301	,2.6986141
1384082799303	,2.278569
1384082799306	,2.616136
1384082799309	,2.170519
1384082799311	,2.733134
1384082799314	,2.771456
1384082799318	,3.4289598
1384082799321	,3.111581
1384082799325	,3.098153
1384082799328	,2.797663
1384082799331	,3.2674708
1384082799335	,3.3503911
1384082799339	,4.142811
1384082799342	,2.353432
1384082799345	,3.2696931
1384082799348	,2.657082
1384082799351	,2.848529
1384082799358	,6.464846
1384082799363	,5.2102613
1384082799366	,3.079579
1384082799370	,2.95944
1384082799373	,2.7603998
1384082799376	,3.1766832
1384082799379	,2.639542
1384082799382	,3.267055
1384082799385	,2.980877
1384082799389	,3.08079
1384082799392	,2.685386
1384082799395	,2.998899
1384082799398	,2.47644
1384082799401	,3.1610491
1384082799403	,2.281166
1384082799407	,3.124656
1384082799410	,2.490214
1384082799413	,3.383365
1384082799419	,5.200579
1384082799425	,5.729552
1384082799428	,2.8566031
1384082799431	,3.4566288
1384082799434	,2.438508
1384082799437	,3.235447
1384082799442	,2.8011231
1384082799446	,3.685345
1384082799448	,2.282533
1384082799452	,3.386801
1384082799456	,3.582323
1384082799461	,5.022744
1384082799464	,2.579088
1384082799468	,3.723698
1384082799473	,5.0823607
1384082799480	,7.058239
1384082799483	,2.6597638
1384082799487	,3.567975
1384082799490	,2.857412
1384082799493	,3.002813
1384082799496	,2.959307
1384082799500	,3.206423
1384082799502	,2.2369351
1384082799505	,3.087599
1384082799509	,2.902185
1384082799512	,3.188104
1384082799514	,2.29874
1384082799518	,3.1288311
1384082799521	,2.584452
1384082799524	,3.124633
1384082799527	,2.657743
1384082799530	,2.993909
1384082799533	,2.6041188
1384082799536	,3.2434008
1384082799539	,2.899
1384082799544	,4.121641
1384082799547	,2.8808029
1384082799550	,2.942495
1384082799553	,2.456075
1384082799556	,2.935905
1384082799559	,2.666116
1384082799563	,4.174639
1384082799566	,3.012783
1384082799570	,3.5108702
1384082799573	,2.666492
1384082799577	,3.483227
1384082799579	,2.549624
1384082799583	,3.168887
1384082799586	,2.73857
1384082799589	,3.0173302
1384082799592	,2.996102
1384082799595	,2.637376
1384082799598	,2.723918
1384082799601	,2.700659
1384082799603	,2.539217
1384082799607	,3.376668
1384082799610	,2.759673
1384082799613	,2.998537
1384082799616	,2.290523
1384082799619	,3.2114131
1384082799622	,2.711526
1384082799628	,5.364272
1384082799634	,6.373289
1384082799638	,3.408747
1384082799641	,2.679898
1384082799645	,3.719002
1384082799647	,2.525487
1384082799652	,4.010084
1384082799655	,2.8225229
1384082799658	,3.33369
1384082799661	,2.352221
1384082799664	,2.960733
1384082799666	,2.277563
1384082799669	,2.920717
1384082799673	,3.135997
1384082799701	,28.435713
1384082799706	,4.128983
1384082799709	,3.1362529
1384082799712	,2.338866
1384082799715	,2.910933
1384082799718	,2.5493588
1384082799721	,3.177602
1384082799724	,3.053557
1384082799727	,2.7768931
1384082799730	,2.1148899
1384082799739	,9.289228
1384082799744	,4.846412
1384082799747	,3.1761942
1384082799753	,4.9524083
1384082799756	,2.8103578
1384082799759	,2.6754851
1384082799762	,2.7987351
1384082799765	,3.4227319
1384082799768	,2.794338
1384082799771	,2.7944121
1384082799774	,2.911824
1384082799777	,2.935998
1384082799781	,3.033186
1384082799784	,3.048933
1384082799787	,2.75366
1384082799790	,2.863362
1384082799793	,3.0464208
1384082799796	,2.9371321
1384082799799	,2.889124
1384082799802	,2.762862
1384082799806	,3.125705
1384082799808	,2.587734
1384082799811	,2.708518
1384082799814	,2.886005
1384082799818	,2.926241
1384082799821	,2.857842
1384082799825	,3.837655
1384082799828	,3.272708
1384082799833	,4.385836
1384082799837	,3.834493
1384082799841	,4.0893292
1384082799847	,6.2769446
1384082799851	,3.002301
1384082799855	,4.511082
1384082799860	,4.549754
1384082799864	,3.9601488
1384082799868	,3.126229
1384082799873	,4.8231
1384082799876	,2.838866
1384082799879	,2.875614
1384082799882	,2.9597352
1384082799885	,3.0663302
1384082799889	,2.635213
1384082799892	,3.076395
1384082799895	,3.147369
1384082799901	,6.1186233
1384082799908	,6.0043445
1384082799912	,3.988098
1384082799916	,4.15606
1384082799919	,3.084367
1384082799923	,3.1106389
1384082799926	,3.0269198
1384082799929	,3.270515
1384082799933	,3.1210291
1384082799936	,3.2847729
1384082799940	,3.926488
1384082799944	,3.335843
1384082799947	,2.991521
1384082799950	,3.150855
1384082799955	,4.02884
1384082799960	,5.0008206
1384082799963	,2.9123788
1384082799966	,3.312702
1384082799970	,2.9722462
1384082799973	,3.047446
1384082799976	,2.872613
1384082799979	,2.846384
1384082799982	,2.782544
1384082799985	,2.7793841
1384082799989	,4.4019647
1384082799992	,2.7313502
1384082799996	,3.019958
1384082799999	,3.079204
1384082800002	,2.579477
1384082800005	,2.721297
1384082800014	,3.141171
1384082800017	,2.549897
1384082800020	,2.959636
1384082800023	,2.708062
1384082800026	,3.684139
1384082800030	,3.320029
1384082800034	,4.2822204
1384082800039	,4.259939
1384082800043	,4.1824102
1384082800047	,3.3915482
1384082800049	,2.6028988
1384082800052	,2.830479
1384082800055	,2.5837662
1384082800059	,4.014924
1384082800063	,3.885608
1384082800066	,3.031085
1384082800069	,2.771865
1384082800072	,2.3823578
1384082800074	,2.437799
1384082800077	,2.4822462
1384082800080	,2.68906
1384082800083	,2.6131399
1384082800086	,2.664779
1384082800088	,2.4304981
1384082800091	,2.784105
1384082800094	,2.7043512
1384082800097	,2.621127
1384082800100	,3.334068
1384082800104	,3.477309
1384082800107	,3.054375
1384082800111	,3.624308
1384082800119	,8.275132
1384082800124	,4.623308
1384082800128	,3.233273
1384082800131	,3.0489962
1384082800134	,3.343048
1384082800138	,3.555782
1384082800142	,3.481394
1384082800145	,3.229017
1384082800149	,3.246692
1384082800152	,3.4205692
1384082800156	,3.6914022
1384082800160	,3.3559222
1384082800178	,17.976076
1384082800181	,3.05175
1384082800184	,2.6974928
1384082800187	,3.050567
1384082800190	,2.738938
1384082800193	,2.844687
1384082800196	,2.916189
1384082800199	,2.937501
1384082800205	,5.393311
1384082800208	,2.815151
1384082800211	,2.990098
1384082800214	,2.873028
1384082800217	,3.203981
1384082800220	,3.073387
1384082800224	,3.47374
1384082800227	,3.100696
1384082800231	,3.4570358
1384082800234	,2.811023
1384082800239	,4.3842587
1384082800242	,3.117099
1384082800247	,4.642234
1384082800253	,6.281354
1384082800256	,2.8997118
1384082800260	,3.3193
1384082800263	,3.425525
1384082800267	,3.499765
1384082800270	,3.2121189
1384082800274	,3.118106
1384082800276	,2.780577
1384082800280	,3.1757648
1384082800283	,3.020629
1384082800286	,3.364254
1384082800290	,3.277079
1384082800293	,3.408997
1384082800297	,3.5362241
1384082800301	,3.252014
1384082800304	,3.1841378
1384082800308	,3.620892
1384082800312	,3.802293
1384082800316	,3.700125
1384082800320	,3.759103
1384082800324	,4.390606
1384082800331	,6.4589257
1384082800335	,4.5631537
1384082800339	,3.257266
1384082800342	,2.880417
1384082800345	,2.6371598
1384082800348	,3.073159
1384082800352	,3.592747
1384082800355	,3.323324
1384082800359	,3.167773
1384082800362	,3.124661
1384082800365	,3.4027758
1384082800370	,4.6405554
1384082800374	,3.645272
1384082800377	,2.972461
1384082800380	,2.840848
1384082800383	,2.843413
1384082800386	,3.037026
1384082800389	,2.928373
1384082800392	,2.948833
1384082800396	,2.964163
1384082800399	,2.851772
1384082800402	,2.9788601
1384082800405	,3.0800009
1384082800408	,3.1161919
1384082800412	,3.3267128
1384082800415	,3.016471
1384082800418	,2.904255
1384082800421	,2.942821
1384082800424	,3.000873
1384082800427	,2.87187
1384082800431	,3.29541
1384082800434	,3.056256
1384082800437	,3.0980482
1384082800440	,2.934605
1384082800445	,4.5010953
1384082800448	,2.735531
1384082800453	,4.63838
1384082800457	,3.836904
1384082800460	,3.411222
1384082800463	,2.8551269
1384082800466	,2.952292
1384082800470	,3.000976
1384082800474	,4.547241
1384082800477	,2.856445
1384082800480	,2.785239
1384082800484	,3.33884
1384082800487	,3.064749
1384082800492	,4.623271
1384082800495	,3.312658
1384082800498	,2.785474
1384082800501	,2.813605
1384082800504	,2.659993
1384082800509	,4.41434
1384082800512	,3.2261379
1384082800515	,3.059998
1384082800518	,2.810353
1384082800522	,3.440936
1384082800525	,3.363031
1384082800537	,11.149935
1384082800540	,3.769219
1384082800543	,2.618636
1384082800546	,2.7876
1384082800549	,2.798059
1384082800552	,3.2070239
1384082800556	,3.0928092
1384082800561	,4.708679
1384082800565	,4.1164036
1384082800568	,2.9044309
1384082800572	,3.6483932
1384082800578	,6.199274
1384082800583	,4.5396843
1384082800586	,3.170684
1384082800590	,3.151632
1384082800593	,3.1083379
1384082800596	,3.2943702
1384082800600	,3.118203
1384082800604	,4.661839
1384082800608	,2.911233
1384082800611	,2.832526
1384082800615	,4.6665382
1384082800618	,2.603135
1384082800621	,3.118584
1384082800625	,3.596966
1384082800628	,3.198004
1384082800632	,3.037476
1384082800635	,3.587067
1384082800641	,5.067518
1384082800645	,3.8836508
1384082800648	,3.296952
1384082800651	,2.682475
1384082800654	,3.2764418
1384082800659	,3.9278479
1384082800663	,3.96063
1384082800666	,3.3226311
1384082800669	,2.696331
1384082800673	,3.353046
1384082800677	,4.2594314
1384082800680	,3.224401
1384082800683	,2.5078058
1384082800686	,2.704221
1384082800688	,2.485125
1384082800691	,2.85074
1384082800694	,2.608808
1384082800697	,2.42975
1384082800700	,2.679362
1384082800702	,2.344387
1384082800705	,2.598841
1384082800708	,2.905128
1384082800712	,4.140501
1384082800716	,3.158606
1384082800719	,2.800965
1384082800722	,2.9807959
1384082800725	,3.079587
1384082800728	,2.6401222
1384082800731	,3.230194
1384082800734	,2.756843
1384082800737	,2.999413
1384082800742	,4.818282
1384082800751	,8.407876
1384082800754	,2.625054
1384082800756	,2.592248
1384082800759	,2.6714628
1384082800762	,3.003551
1384082800765	,2.8514872
1384082800768	,2.560972
1384082800771	,2.571552
1384082800774	,2.60926
1384082800776	,2.604218
1384082800779	,2.886847
1384082800787	,7.537736
1384082800790	,2.989856
1384082800792	,2.15302
1384082800795	,2.448457
1384082800798	,2.682579
1384082800800	,2.69686
1384082800803	,2.585154
1384082800806	,2.500391
1384082800809	,2.716768
1384082800811	,2.6120858
1384082800814	,2.452388
1384082800817	,3.091841
1384082800820	,3.082073
1384082800823	,2.8985538
1384082800826	,2.3998191
1384082800829	,3.034251
1384082800832	,3.090605
1384082800836	,3.309302
1384082800843	,7.15229
1384082800848	,4.4376497
1384082800851	,3.483436
1384082800854	,3.00075
1384082800858	,3.312412
1384082800861	,3.2143412
1384082800865	,3.1618989
1384082800870	,5.083711
1384082800874	,4.069409
1384082800877	,2.593565
1384082800881	,3.5549629
1384082800897	,15.977338
1384082800900	,3.245627
1384082800904	,3.446682
1384082800907	,3.215834
1384082800911	,3.752333
1384082800916	,4.608056
1384082800919	,2.651204
1384082800922	,3.0366359
1384082800925	,3.095221
1384082800929	,3.859732
1384082800933	,3.586538
1384082800937	,3.511157
1384082800940	,3.5056932
1384082800943	,2.726717
1384082800947	,3.431019
1384082800952	,5.096001
1384082800957	,5.095318
1384082800961	,3.6877859
1384082800964	,2.7885149
1384082800967	,2.6341398
1384082800970	,2.910941
1384082800973	,2.5884972
1384082800975	,2.716322
1384082800980	,4.162457
1384082800984	,3.9331388
1384082800989	,4.548815
1384082800992	,3.0959618
1384082800995	,3.0777242
1384082800998	,2.42452
1384082801000	,2.618122
1384082801003	,2.440283
1384082801006	,2.7213469
1384082801009	,2.716523
1384082801012	,2.906404
1384082801015	,2.7326322
1384082801017	,2.630913
1384082801020	,2.810792
1384082801023	,2.5849628
1384082801026	,2.729949
1384082801029	,2.749643
1384082801032	,2.6959221
1384082801035	,2.79347
1384082801037	,2.48226
1384082801041	,3.071859
1384082801044	,3.277044
1384082801047	,3.3190992
1384082801050	,2.7323492
1384082801054	,3.0490272
1384082801056	,2.740406
1384082801060	,3.371414
1384082801063	,2.995135
1384082801068	,4.99421
1384082801071	,2.7199419
1384082801074	,2.960655
1384082801077	,2.769898
1384082801080	,2.750751
1384082801084	,3.428043
1384082801086	,2.56438
1384082801089	,2.774455
1384082801092	,2.8971798
1384082801096	,3.1107328
1384082801099	,3.0299332
1384082801103	,3.577545
1384082801106	,3.138163
1384082801109	,3.137869
1384082801113	,3.341459
1384082801118	,4.9095287
1384082801121	,3.309698
1384082801124	,2.8808181
1384082801127	,2.773144
1384082801130	,2.716392
1384082801133	,2.936707
1384082801136	,2.777032
1384082801139	,2.646317
1384082801141	,2.387537
1384082801144	,2.4062848
1384082801147	,2.7197351
1384082801150	,2.883014
1384082801153	,2.596802
1384082801156	,3.4139209
1384082801162	,5.610028
1384082801165	,2.9097538
1384082801168	,2.610538
1384082801171	,2.726496
1384082801175	,3.7223291
1384082801179	,4.011457
1384082801182	,3.0334818
1384082801185	,3.063991
1384082801188	,2.653685
1384082801191	,2.65681
1384082801194	,2.739041
1384082801197	,3.510539
1384082801202	,4.166603
1384082801205	,3.014432
1384082801208	,3.068728
1384082801211	,2.927835
1384082801214	,2.906355
1384082801217	,2.722415
1384082801220	,2.905792
1384082801226	,5.659647
1384082801229	,2.659545
1384082801232	,2.784893
1384082801234	,2.777106
1384082801237	,2.5769222
1384082801241	,3.234189
1384082801245	,4.459289
1384082801248	,2.9660702
1384082801251	,2.864344
1384082801254	,2.506725
1384082801257	,2.725417
1384082801261	,3.499289
1384082801265	,4.006258
1384082801271	,5.687676
1384082801274	,3.71413
1384082801277	,2.959431
1384082801281	,3.084115
1384082801284	,2.811627
1384082801287	,3.468441
1384082801290	,2.6688921
1384082801293	,2.598823
1384082801296	,3.0426521
1384082801300	,3.319091
1384082801302	,2.410031
1384082801305	,2.807024
1384082801308	,2.771532
1384082801311	,3.216581
1384082801314	,2.869555
1384082801318	,3.375587
1384082801322	,4.160953
1384082801331	,9.039644
1384082801334	,2.810975
1384082801337	,2.699624
1384082801354	,14.461364
1384082801356	,2.353834
1384082801359	,2.9361188
1384082801362	,2.603631
1384082801366	,3.7175539
1384082801373	,7.3232613
1384082801376	,2.3346832
1384082801378	,2.306906
1384082801380	,2.3243082
1384082801383	,2.265835
1384082801385	,2.32836
1384082801389	,3.747486
1384082801392	,2.657821
1384082801394	,2.0816221
1384082801396	,2.447894
1384082801401	,4.05852
1384082801405	,4.069016
1384082801407	,2.291698
1384082801409	,2.121206
1384082801412	,2.468343
1384082801414	,2.25424
1384082801417	,2.5695891
1384082801420	,2.6468349
1384082801422	,2.10347
1384082801425	,2.797697
1384082801427	,2.594356
1384082801430	,2.6770082
1384082801433	,2.461093
1384082801435	,2.1049051
1384082801437	,2.4521842
1384082801440	,2.910379
1384082801457	,16.015663
1384082801460	,3.112718
1384082801463	,3.142482
1384082801466	,2.763712
1384082801468	,2.4136288
1384082801472	,3.1818192
1384082801476	,4.038942
1384082801479	,2.425791
1384082801482	,2.729038
1384082801485	,3.1613111
1384082801489	,3.971262
1384082801492	,3.313446
1384082801495	,2.400223
1384082801497	,2.468687
1384082801500	,2.776368
1384082801503	,2.525972
1384082801506	,2.735676
1384082801508	,2.577734
1384082801511	,2.758411
1384082801514	,2.420469
1384082801517	,3.1831112
1384082801520	,3.3385172
1384082801525	,4.001073
1384082801527	,2.428701
1384082801530	,2.3721159
1384082801532	,2.6328568
1384082801535	,2.499858
1384082801538	,2.710114
1384082801541	,2.9115229
1384082801544	,3.245105
1384082801547	,2.383802
1384082801549	,2.5706909
1384082801552	,2.7245061
1384082801555	,2.586656
1384082801557	,2.278882
1384082801560	,2.423687
1384082801562	,2.513426
1384082801565	,2.757194
1384082801568	,2.570008
1384082801570	,2.403157
1384082801578	,7.3791547
1384082801582	,4.30458
1384082801586	,3.51618
1384082801590	,3.920651
1384082801593	,3.35148
1384082801596	,2.9582171
1384082801600	,3.049436
1384082801612	,4.719161
1384082801614	,2.425648
1384082801616	,1.939615
1384082801619	,2.282819
1384082801621	,2.254563
1384082801623	,2.3867252
1384082801626	,2.946516
1384082801629	,2.686043
1384082801632	,2.616003
1384082801634	,2.140774
1384082801637	,2.621853
1384082801639	,2.457108
1384082801642	,2.223105
1384082801645	,2.8259642
1384082801648	,3.345662
1384082801651	,2.618124
1384082801653	,2.51469
1384082801656	,2.671303
1384082801659	,2.570293
1384082801661	,2.7395902
1384082801667	,5.7338347
1384082801672	,4.3341317
1384082801675	,3.498866
1384082801680	,4.3135743
1384082801683	,2.759033
1384082801685	,2.5600061
1384082801688	,3.140495
1384082801691	,2.947477
1384082801694	,2.820648
1384082801697	,2.218813
1384082801699	,2.439547
1384082801702	,3.156972
1384082801705	,2.2474108
1384082801708	,3.4275968
1384082801711	,2.313272
1384082801713	,2.5962
1384082801716	,2.197167
1384082801719	,3.1947992
1384082801722	,3.051402
1384082801726	,3.345655
1384082801728	,2.725376
1384082801731	,2.9051201
1384082801735	,3.565229
1384082801738	,2.847495
1384082801740	,2.407034
1384082801743	,2.907825
1384082801747	,3.9072242
1384082801750	,2.692959
1384082801763	,12.421715
1384082801766	,2.893479
1384082801769	,3.314644
1384082801772	,2.6840692
1384082801774	,2.442668
1384082801777	,2.883495
1384082801781	,3.4384298
1384082801785	,4.0509253
1384082801791	,5.540892
1384082801797	,5.813185
1384082801800	,3.774462
1384082801803	,2.583283
1384082801806	,2.584455
1384082801808	,2.484043
1384082801812	,3.2233841
1384082801815	,3.26034
1384082801818	,3.0317671
1384082801821	,2.651001
1384082801824	,2.4087958
1384082801826	,2.723253
1384082801829	,3.0043302
1384082801833	,2.970699
1384082801835	,2.70942
1384082801838	,2.702976
1384082801841	,3.138323
1384082801845	,3.0320792
1384082801848	,3.299803
1384082801852	,3.515871
1384082801855	,3.545114
1384082801861	,5.3333206
1384082801864	,3.426874
1384082801867	,3.0248258
1384082801872	,4.305481
1384082801874	,2.423332
1384082801877	,2.666352
1384082801883	,6.037349
1384082801887	,3.803345
1384082801890	,3.249371
1384082801898	,7.78146
1384082801904	,5.3397717
1384082801907	,3.288158
1384082801910	,2.793349
1384082801913	,2.4965582
1384082801915	,2.705699
1384082801918	,2.710276
1384082801921	,2.407878
1384082801924	,3.3967628
1384082801927	,3.047535
1384082801931	,3.30229
1384082801933	,2.324066
1384082801936	,2.5477061
1384082801938	,2.563313
1384082801941	,2.520563
1384082801944	,2.320852
1384082801946	,2.625704
1384082801949	,2.6421819
1384082801952	,2.452043
1384082801954	,2.6898
1384082801957	,2.3002229
1384082801960	,2.886169
1384082801962	,2.4179142
1384082801965	,2.819166
1384082801968	,2.8146431
1384082801971	,3.069601
1384082801974	,2.667552
1384082801977	,2.756926
1384082801980	,2.777096
1384082801983	,3.126164
1384082801986	,3.0798922
1384082801990	,3.523212
1384082801993	,3.545775
1384082801996	,2.5568402
1384082802000	,4.353461
1384082802003	,2.390909
1384082802006	,2.948589
1384082802008	,2.34949
1384082802013	,4.5119467
1384082802016	,2.845412
1384082802020	,4.149755
1384082802023	,2.953146
1384082802026	,2.580972
1384082802029	,3.0542872
1384082802032	,2.7665749
1384082802035	,2.702999
1384082802039	,4.360124
1384082802042	,2.511495
1384082802045	,2.5638201
1384082802047	,2.754554
1384082802050	,2.476732
1384082802053	,3.036051
1384082802086	,33.12956
1384082802100	,13.461085
1384082802105	,5.017172
1384082802108	,2.669686
1384082802110	,2.3369021
1384082802113	,2.402859
1384082802115	,2.5855472
1384082802118	,2.561709
1384082802121	,2.549309
1384082802124	,2.7395902
1384082802126	,2.838083
1384082802130	,3.221993
1384082802134	,4.111474
1384082802137	,2.941239
1384082802140	,2.909366
1384082802143	,2.7272391
1384082802146	,2.633042
1384082802148	,2.706979
1384082802151	,2.510963
1384082802154	,2.57409
1384082802158	,3.794009
1384082802161	,2.931306
1384082802163	,2.543326
1384082802166	,2.830699
1384082802169	,3.036303
1384082802172	,2.6636178
1384082802175	,2.436816
1384082802177	,2.401947
1384082802180	,2.687488
1384082802183	,2.788176
1384082802186	,3.201376
1384082802189	,2.477683
1384082802192	,2.757927
1384082802196	,4.07074
1384082802202	,6.526617
1384082802210	,7.752379
1384082802213	,2.9071202
1384082802216	,2.272982
1384082802218	,2.179809
1384082802220	,2.42961
1384082802223	,2.5949862
1384082802226	,2.573699
1384082802230	,3.938011
1384082802233	,3.168499
1384082802236	,3.2382948
1384082802240	,3.376372
1384082802243	,3.01946
1384082802246	,2.4719021
1384082802248	,2.641279
1384082802251	,2.480388
1384082802254	,2.762916
1384082802258	,4.378319
1384082802261	,2.703803
1384082802264	,3.00119
1384082802267	,2.623479
1384082802270	,2.614998
1384082802272	,2.537491
1384082802275	,2.570872
1384082802277	,2.455967
1384082802280	,2.6244872
1384082802283	,2.416573
1384082802286	,2.74069
1384082802289	,3.2121599
1384082802292	,2.9218092
1384082802296	,4.016208
1384082802302	,6.171046
1384082802308	,5.949398
1384082802311	,2.690853
1384082802314	,2.515087
1384082802316	,2.359272
1384082802319	,2.437959
1384082802322	,2.740356
1384082802325	,3.030157
1384082802327	,2.2074919
1384082802330	,2.894766
1384082802333	,2.742765
1384082802337	,3.937795
1384082802340	,3.00347
1384082802343	,2.716007
1384082802346	,3.19972
1384082802349	,2.7823129
1384082802352	,2.876602
1384082802355	,2.57544
1384082802358	,2.931866
1384082802361	,2.79792
1384082802363	,2.871513
1384082802366	,2.92068
1384082802369	,2.869246
1384082802372	,2.8026931
1384082802376	,3.141626
1384082802379	,3.059957
1384082802383	,3.7375128
1384082802386	,3.211132
1384082802389	,3.297822
1384082802392	,2.950074
1384082802395	,3.022012
1384082802399	,3.30724
1384082802402	,3.134861
1384082802406	,4.008843
1384082802417	,10.469645
1384082802422	,4.680409
1384082802424	,2.4886909
1384082802427	,2.5690858
1384082802430	,3.50992
1384082802434	,3.719486
1384082802438	,3.33665
1384082802440	,2.551568
1384082802443	,2.8732958
1384082802446	,2.772236
1384082802449	,3.07309
1384082802452	,2.723329
1384082802455	,2.822032
1384082802459	,3.528736
1384082802462	,2.830948
1384082802465	,3.19459
1384082802468	,2.6649742
1384082802471	,2.853887
1384082802474	,3.070537
1384082802477	,3.14477
1384082802480	,2.842606
1384082802483	,2.977994
1384082802486	,2.9978101
1384082802489	,2.796685
1384082802492	,3.213957
1384082802495	,2.715499
1384082802500	,4.28082
1384082802506	,6.0358663
1384082802515	,9.368467
1384082802521	,5.535642
1384082802525	,3.60951
1384082802527	,2.448552
1384082802530	,2.682056
1384082802533	,2.6182199
1384082802536	,3.201066
1384082802540	,3.823411
1384082802543	,3.263206
1384082802546	,2.884542
1384082802549	,3.0977972
1384082802552	,2.92077
1384082802556	,3.122272
1384082802558	,2.7746232
1384082802561	,2.877396
1384082802565	,3.00631
1384082802568	,2.917906
1384082802571	,2.8814728
1384082802574	,3.182926
1384082802577	,2.966787
1384082802580	,3.404314
1384082802584	,3.351813
1384082802587	,2.754866
1384082802590	,3.111433
1384082802593	,3.4002419
1384082802597	,3.119724
1384082802600	,3.146591
1384082802603	,3.0729332
1384082802606	,3.39728
1384082802610	,3.387667
1384082802613	,3.321954
1384082802617	,3.9379308
1384082802620	,2.89076
1384082802624	,3.63508
1384082802627	,2.818903
1384082802630	,3.001302
1384082802633	,2.810575
1384082802637	,3.989419
1384082802640	,3.2261078
1384082802643	,2.569542
1384082802646	,2.848792
1384082802649	,2.958364
1384082802652	,2.98115
1384082802655	,2.502596
1384082802658	,2.878088
1384082802661	,3.498444
1384082802664	,2.8955
1384082802667	,2.452957
1384082802677	,2.856833
1384082802680	,3.0099618
1384082802683	,2.944074
1384082802686	,2.945018
1384082802689	,3.477982
1384082802693	,3.231125
1384082802696	,3.335065
1384082802699	,2.951172
1384082802702	,2.918088
1384082802709	,7.173806
1384082802713	,3.857106
1384082802718	,4.639217
1384082802723	,5.3689914
1384082802726	,2.978862
1384082802731	,4.282079
1384082802734	,2.676359
1384082802736	,2.358847
1384082802739	,3.0039508
1384082802743	,3.493597
1384082802746	,2.7787251
1384082802748	,2.7121232
1384082802752	,3.100958
1384082802755	,3.009186
1384082802758	,2.83569
1384082802760	,2.7677372
1384082802763	,2.943308
1384082802766	,2.853452
1384082802769	,2.8312771
1384082802772	,3.023591
1384082802775	,2.983597
1384082802778	,2.905318
1384082802781	,2.723085
1384082802784	,2.9225879
1384082802788	,4.034702
1384082802791	,2.644268
1384082802794	,2.90396
1384082802797	,2.908529
1384082802800	,2.763757
1384082802803	,2.531053
1384082802805	,2.708462
1384082802808	,2.841145
1384082802812	,3.511023
1384082802815	,3.2180219
1384082802818	,2.8588068
1384082802822	,3.3496299
1384082802830	,8.119788
1384082802833	,3.3780138
1384082802837	,3.182593
1384082802842	,5.591431
1384082802846	,4.01042
1384082802849	,2.844885
1384082802852	,2.426162
1384082802855	,2.732809
1384082802857	,2.613095
1384082802860	,2.874265
1384082802864	,3.4874609
1384082802867	,2.668503
1384082802869	,2.61599
1384082802872	,2.6657948
1384082802875	,2.618876
1384082802878	,2.636995
1384082802881	,2.830544
1384082802883	,2.717642
1384082802886	,2.727242
1384082802889	,3.113751
1384082802893	,3.0589862
1384082802896	,3.0676599
1384082802900	,4.222998
1384082802904	,3.42688
1384082802907	,3.193877
1384082802917	,9.860898
1384082802920	,2.8543339
1384082802924	,3.80379
1384082802928	,3.7291908
1384082802930	,2.3850062
1384082802933	,2.5646622
1384082802936	,3.1329231
1384082802939	,3.189582
1384082802942	,3.0077
1384082802946	,3.213836
1384082802948	,2.659009
1384082802951	,2.8163989
1384082802956	,4.676526
1384082802960	,3.7915568
1384082802963	,2.730216
1384082802966	,3.050263
1384082802969	,3.109366
1384082802972	,3.0177128
1384082802975	,2.874418
1384082802978	,3.091916
1384082802982	,3.179819
1384082802985	,3.136027
1384082802988	,3.448311
1384082802992	,3.8304431
1384082802995	,2.89776
1384082802998	,2.734345
1384082803001	,2.5995018
1384082803004	,2.933396
1384082803006	,2.433063
1384082803009	,2.2730958
1384082803011	,2.2814
1384082803014	,2.721576
1384082803017	,2.761453
1384082803020	,3.021425
1384082803023	,2.998094
1384082803026	,2.862404
1384082803030	,4.2978044
1384082803034	,3.905051
1384082803039	,4.084018
1384082803042	,3.61245
1384082803048	,5.2375193
1384082803053	,5.5389886
1384082803056	,3.130237
1384082803059	,2.8331761
1384082803064	,4.414921
1384082803067	,3.134852
1384082803070	,2.666507
1384082803073	,3.138396
1384082803076	,2.965054
1384082803079	,3.004962
1384082803083	,3.231917
1384082803086	,2.818873
1384082803088	,2.7179499
1384082803091	,2.942696
1384082803094	,3.003267
1384082803098	,3.065837
1384082803101	,3.360553
1384082803104	,2.741876
1384082803107	,2.9582472
1384082803110	,2.8949008
1384082803113	,2.801341
1384082803116	,3.541068
1384082803123	,6.429891
1384082803127	,4.2292204
1384082803132	,4.735055
1384082803135	,2.743556
1384082803138	,2.736978
1384082803141	,3.233835
1384082803153	,11.687256
1384082803156	,2.6830602
1384082803158	,2.3194828
1384082803161	,2.377004
1384082803164	,2.963646
1384082803166	,2.675643
1384082803169	,2.534749
1384082803172	,2.6576722
1384082803175	,2.6048331
1384082803177	,2.498729
1384082803180	,2.604933
1384082803183	,2.636069
1384082803185	,2.629292
1384082803188	,2.519383
1384082803191	,2.5078259
1384082803193	,2.621849
1384082803196	,3.116917
1384082803199	,2.591363
1384082803202	,2.601666
1384082803204	,2.507208
1384082803208	,3.078263
1384082803210	,2.604265
1384082803213	,2.5583339
1384082803216	,2.825022
1384082803218	,2.449406
1384082803221	,2.375242
1384082803224	,2.6514761
1384082803227	,3.24927
1384082803229	,2.305898
1384082803232	,2.1652849
1384082803234	,2.460756
1384082803237	,2.391724
1384082803240	,3.393682
1384082803245	,4.606478
1384082803248	,2.866437
1384082803251	,2.759449
1384082803253	,2.541351
1384082803256	,2.546791
1384082803259	,2.977794
1384082803262	,3.003825
1384082803265	,2.413127
1384082803269	,3.745594
1384082803271	,2.649976
1384082803274	,2.602843
1384082803277	,2.5398588
1384082803279	,2.545219
1384082803282	,2.423322
1384082803286	,4.5305943
1384082803289	,2.806669
1384082803292	,3.031956
1384082803295	,2.829666
1384082803298	,2.822989
1384082803302	,3.574865
1384082803305	,3.345709
1384082803308	,2.9625869
1384082803312	,3.197116
1384082803315	,2.9833531
1384082803318	,3.258535
1384082803322	,3.2595992
1384082803333	,11.097891
1384082803338	,4.770399
1384082803341	,2.938548
1384082803344	,3.663333
1384082803347	,2.436637
1384082803350	,3.3733459
1384082803354	,3.390914
1384082803357	,2.6283731
1384082803359	,2.626679
1384082803362	,2.4136188
1384082803365	,2.936373
1384082803368	,2.908387
1384082803371	,3.213703
1384082803374	,2.86028
1384082803378	,3.29798
1384082803381	,3.179459
1384082803384	,3.1134121
1384082803388	,3.577307
1384082803391	,3.329103
1384082803394	,2.863954
1384082803397	,2.953209
1384082803400	,3.082477
1384082803403	,2.744523
1384082803406	,3.0607471
1384082803411	,4.5787473
1384082803414	,2.940007
1384082803419	,4.744459
1384082803422	,2.926372
1384082803425	,2.963408
1384082803428	,2.9540281
1384082803432	,3.742434
1384082803435	,2.780156
1384082803438	,2.8424032
1384082803441	,3.199384
1384082803444	,2.856152
1384082803447	,2.9655411
1384082803452	,5.312254
1384082803458	,5.2612567
1384082803464	,5.866548
1384082803468	,4.4402356
1384082803472	,3.310607
1384082803474	,2.623969
1384082803477	,2.695776
1384082803480	,2.9812472
1384082803484	,3.2897801
1384082803487	,2.992916
1384082803490	,3.1916862
1384082803494	,4.07066
1384082803497	,3.087516
1384082803501	,3.229898
1384082803505	,4.0049453
1384082803508	,3.518447
1384082803513	,4.3123713
1384082803516	,3.336141
1384082803519	,3.095983
1384082803523	,3.763154
1384082803526	,2.6238348
1384082803530	,3.41077
1384082803536	,6.770256
1384082803543	,6.321854
1384082803547	,3.6415172
1384082803550	,2.8329918
1384082803552	,2.874022
1384082803556	,2.946412
1384082803560	,3.985158
1384082803562	,2.786766
1384082803566	,3.0850759
1384082803569	,3.3810759
1384082803572	,3.050484
1384082803575	,3.025928
1384082803579	,3.062129
1384082803582	,3.251916
1384082803586	,3.9717681
1384082803603	,16.971224
1384082803607	,3.4582791
1384082803610	,3.1371899
1384082803614	,3.77239
1384082803617	,3.162214
1384082803619	,2.44259
1384082803623	,3.209757
1384082803626	,2.982512
1384082803629	,2.861541
1384082803632	,2.9665968
1384082803635	,2.982563
1384082803638	,3.27945
1384082803641	,2.842497
1384082803644	,2.698669
1384082803648	,4.562703
1384082803653	,4.280822
1384082803656	,2.8446722
1384082803658	,2.541549
1384082803662	,3.370384
1384082803667	,5.078018
1384082803673	,5.673584
1384082803677	,4.485459
1384082803680	,3.0151079
1384082803683	,2.599982
1384082803686	,2.745486
1384082803689	,2.858795
1384082803692	,3.328254
1384082803696	,3.156599
1384082803699	,3.149599
1384082803702	,3.135192
1384082803705	,2.810555
1384082803708	,3.4188259
1384082803712	,3.049188
1384082803715	,3.7198799
1384082803720	,4.2630277
1384082803723	,3.0099838
1384082803727	,3.656883
1384082803731	,3.831785
1384082803733	,2.844238
1384082803736	,2.7968402
1384082803744	,7.454897
1384082803753	,8.592828
1384082803756	,3.092746
1384082803759	,2.789643
1384082803763	,4.571617
1384082803766	,3.103219
1384082803770	,3.455577
1384082803774	,3.7618139
1384082803778	,3.854675
1384082803781	,2.80865
1384082803784	,3.106599
1384082803787	,3.283353
1384082803790	,3.06977
1384082803795	,4.7586765
1384082803799	,3.178187
1384082803802	,3.226264
1384082803805	,3.141367
1384082803808	,2.955483
1384082803812	,3.4118469
1384082803815	,2.845042
1384082803818	,3.505853
1384082803821	,3.1789289
1384082803825	,3.901021
1384082803829	,3.040942
1384082803832	,3.081251
1384082803835	,2.8328588
1384082803838	,3.460061
1384082803842	,3.624212
1384082803846	,3.627644
1384082803849	,2.9696412
1384082803852	,3.5376909
1384082803856	,3.247559
1384082803859	,3.127846
1384082803862	,3.346549
1384082803866	,3.223366
1384082803869	,3.751461
1384082803873	,3.510253
1384082803883	,10.334419
1384082803888	,4.0519342
1384082803890	,2.7504652
1384082803893	,2.7435071
1384082803897	,3.1446722
1384082803900	,2.916637
1384082803903	,3.162177
1384082803906	,3.1662118
1384082803910	,3.428291
1384082803913	,3.824522
1384082803917	,2.984134
1384082803921	,4.283298
1384082803924	,2.8260639
1384082803927	,3.114923
1384082803931	,3.611372
1384082803962	,31.462128
1384082803979	,16.329058
1384082803981	,2.513699
1384082803984	,2.484277
1384082803986	,2.520626
1384082803989	,2.583437
1384082803992	,3.014541
1384082803995	,2.614819
1384082803998	,2.679489
1384082804001	,3.13875
1384082804004	,3.1909642
1384082804008	,3.74847
1384082804011	,3.049867
1384082804014	,2.5238159
1384082804017	,2.876463
1384082804021	,4.463558
1384082804026	,4.439601
1384082804029	,3.315756
1384082804032	,2.90969
1384082804035	,2.927969
1384082804038	,2.7356799
1384082804041	,3.003689
1384082804044	,3.03452
1384082804047	,2.956022
1384082804050	,2.790544
1384082804054	,3.2195091
1384082804057	,3.6075811
1384082804060	,2.753512
1384082804063	,2.45799
1384082804067	,4.374287
1384082804070	,3.22056
1384082804073	,2.6675062
1384082804076	,3.149017
1384082804083	,6.938097
1384082804091	,7.249958
1384082804095	,4.372981
1384082804098	,2.91175
1384082804101	,2.576045
1384082804104	,2.707573
1384082804107	,2.872335
1384082804110	,2.880265
1384082804113	,3.126069
1384082804116	,2.8944
1384082804119	,2.975186
1384082804122	,3.200564
1384082804125	,2.8736231
1384082804128	,2.69346
1384082804131	,2.652469
1384082804134	,3.397753
1384082804137	,2.916902
1384082804140	,2.872238
1384082804143	,3.1253831
1384082804146	,2.6935568
1384082804149	,2.866076
1384082804152	,2.72287
1384082804155	,2.673445
1384082804157	,2.604822
1384082804160	,2.909348
1384082804167	,6.909001
1384082804171	,3.737448
1384082804174	,3.1415339
1384082804183	,8.754935
1384082804187	,3.3823001
1384082804191	,4.605041
1384082804194	,2.750937
1384082804197	,2.5095859
1384082804199	,2.399543
1384082804203	,3.281272
1384082804205	,2.734698
1384082804209	,3.112365
1384082804212	,3.057894
1384082804215	,2.848673
1384082804218	,3.08245
1384082804221	,2.75625
1384082804224	,3.461167
1384082804229	,4.485924
1384082804233	,3.805657
1384082804236	,3.5160568
1384082804239	,2.722821
1384082804242	,2.805979
1384082804245	,2.712516
1384082804248	,3.10391
1384082804252	,4.002204
1384082804256	,3.291795
1384082804258	,2.821337
1384082804261	,2.464903
1384082804263	,2.342123
1384082804267	,2.609159
1384082804270	,2.497429
1384082804275	,5.045411
1384082804278	,3.058336
1384082804283	,4.377082
1384082804287	,3.8866498
1384082804292	,5.0711403
1384082804294	,2.590139
1384082804298	,3.35874
1384082804302	,3.736157
1384082804305	,3.3784199
1384082804309	,3.9035301
1384082804313	,4.081729
1384082804316	,2.824438
1384082804319	,2.770993
1384082804322	,2.9734528
1384082804325	,2.866792
1384082804328	,2.516166
1384082804330	,2.665466
1384082804334	,3.2292042
1384082804337	,3.31492
1384082804340	,2.420656
1384082804343	,2.745616
1384082804345	,2.510416
1384082804348	,2.6517859
1384082804351	,2.6463091
1384082804353	,2.704419
1384082804356	,2.95073
1384082804360	,3.208089
1384082804364	,3.78847
1384082804367	,3.3503969
1384082804370	,2.678508
1384082804373	,2.6548579
1384082804377	,4.363416
1384082804381	,4.231286
1384082804387	,5.766393
1384082804390	,2.881735
1384082804393	,2.855676
1384082804397	,3.383696
1384082804399	,2.60703
1384082804402	,2.4406722
1384082804404	,2.316213
1384082804407	,2.529349
1384082804410	,2.711165
1384082804414	,4.322487
1384082804417	,3.183551
1384082804420	,2.84598
1384082804423	,2.78821
1384082804426	,2.8829598
1384082804429	,2.525912
1384082804432	,2.921095
1384082804435	,3.6996608
1384082804438	,2.797089
1384082804442	,3.1246269
1384082804451	,9.261763
1384082804454	,3.1142771
1384082804457	,3.2162871
1384082804461	,3.4236312
1384082804464	,3.0829408
1384082804467	,2.835342
1384082804470	,3.152
1384082804474	,3.8636532
1384082804478	,3.3306
1384082804480	,2.699883
1384082804484	,3.091316
1384082804486	,2.59019
1384082804490	,3.193196
1384082804493	,3.383283
1384082804496	,2.838673
1384082804501	,4.728211
1384082804506	,5.062091
1384082804510	,4.16451
1384082804513	,3.188574
1384082804516	,2.998245
1384082804520	,3.3868392
1384082804525	,4.7994113
1384082804528	,2.822635
1384082804531	,2.8176818
1384082804534	,2.902984
1384082804537	,3.029925
1384082804540	,3.473788
1384082804543	,2.813137
1384082804546	,2.785459
1384082804548	,2.5750792
1384082804551	,2.760208
1384082804554	,2.645478
1384082804557	,2.922535
1384082804560	,3.112288
1384082804563	,2.8958688
1384082804566	,3.022778
1384082804570	,3.321688
1384082804573	,3.3427749
1384082804576	,3.1103349
1384082804581	,4.320046
1384082804585	,4.61192
1384082804590	,4.3706555
1384082804597	,7.27982
1384082804602	,4.380701
1384082804605	,2.8223689
1384082804607	,2.370167
1384082804610	,2.824136
1384082804613	,2.65295
1384082804616	,3.437675
1384082804620	,3.324882
1384082804623	,2.9934938
1384082804626	,2.944895
1384082804628	,2.718595
1384082804631	,2.944422
1384082804635	,3.652538
1384082804638	,2.908377
1384082804641	,3.1992419
1384082804645	,2.970075
1384082804648	,3.174818
1384082804651	,3.225467
1384082804654	,3.052844
1384082804657	,3.094206
1384082804661	,3.100389
1384082804664	,3.1562662
1384082804668	,4.172269
1384082804672	,4.047125
1384082804675	,2.942946
1384082804678	,2.6351311
1384082804681	,2.872101
1384082804684	,2.829381
1384082804687	,3.200312
1384082804690	,2.7461388
1384082804693	,3.2581952
1384082804697	,3.924382
1384082804702	,4.358171
1384082804705	,3.470658
1384082804708	,2.7557452
1384082804711	,2.9901311
1384082804714	,2.788177
1384082804719	,5.354762
1384082804722	,2.652998
1384082804725	,2.386368
1384082804727	,2.7587252
1384082804730	,2.529352
1384082804732	,2.3456368
1384082804735	,2.647655
1384082804738	,2.766551
1384082804741	,3.181895
1384082804744	,2.532353
1384082804746	,2.473334
1384082804751	,4.316476
1384082804753	,2.552237
1384082804756	,2.74278
1384082804759	,2.529874
1384082804762	,2.724515
1384082804764	,2.3550858
1384082804767	,2.67933
1384082804770	,2.708861
1384082804773	,3.016751
1384082804776	,3.66952
1384082804781	,4.79891
1384082804784	,3.112252
1384082804788	,3.853562
1384082804793	,4.7367873
1384082804797	,3.907472
1384082804800	,2.641981
1384082804803	,2.85344
1384082804806	,2.635663
1384082804809	,2.8607628
1384082804811	,2.582679
1384082804814	,2.706188
1384082804817	,2.534751
1384082804819	,2.810394
1384082804822	,2.735775
1384082804825	,2.44705
1384082804828	,2.686307
1384082804830	,2.5714939
1384082804833	,2.5352209
1384082804835	,2.60499
1384082804838	,2.799608
1384082804841	,2.738884
1384082804844	,2.6119819
1384082804847	,2.769247
1384082804850	,3.2913191
1384082804853	,2.3375921
1384082804855	,2.58072
1384082804858	,2.5400338
1384082804861	,2.6596808
1384082804864	,3.138134
1384082804868	,4.0727043
1384082804871	,2.789797
1384082804873	,2.593676
1384082804876	,2.5920968
1384082804879	,2.44559
1384082804881	,2.553989
1384082804884	,2.721239
1384082804887	,2.843094
1384082804890	,2.804292
1384082804893	,2.630716
1384082804895	,2.593845
1384082804898	,2.926331
1384082804901	,2.536518
1384082804905	,4.031702
1384082804909	,4.266956
1384082804912	,2.5129752
1384082804914	,2.359224
1384082804917	,2.677461
1384082804921	,3.891072
1384082804932	,10.665959
1384082804934	,2.485337
1384082804937	,2.366617
1384082804940	,2.61003
1384082804942	,2.895105
1384082804945	,2.4787781
1384082804948	,2.4761531
1384082804950	,2.534478
1384082804953	,2.41106
1384082804955	,2.372695
1384082804958	,2.3733568
1384082804960	,2.6254952
1384082804963	,2.596431
1384082804965	,2.426666
1384082804968	,2.549386
1384082804971	,2.585376
1384082804975	,3.760445
1384082804979	,4.1668167
1384082804983	,4.485759
1384082804990	,6.754198
1384082804993	,2.933097
1384082804996	,2.7895591
1384082805000	,3.581699
1384082805003	,3.1735358
1384082805006	,2.808627
1384082805009	,3.016758
1384082805013	,4.270065
1384082805016	,2.457622
1384082805019	,2.561416
1384082805021	,2.37223
1384082805024	,2.9903111
1384082805027	,2.972052
1384082805030	,2.902731
1384082805033	,2.4886909
1384082805035	,2.286521
1384082805038	,2.724596
1384082805050	,11.905882
1384082805052	,2.4371521
1384082805055	,2.590158
1384082805058	,2.726989
1384082805060	,2.655253
1384082805063	,2.3844419
1384082805066	,2.771896
1384082805069	,3.0732028
1384082805072	,2.64557
1384082805074	,2.591841
1384082805077	,2.829528
1384082805080	,3.027102
1384082805083	,2.847868
1384082805086	,2.738508
1384082805089	,3.1827872
1384082805093	,3.1875648
1384082805095	,2.813231
1384082805099	,2.952965
1384082805101	,2.549834
1384082805104	,2.539804
1384082805106	,2.555344
1384082805110	,3.138928
1384082805112	,2.546654
1384082805116	,3.520078
1384082805118	,2.5386841
1384082805121	,2.627812
1384082805124	,2.8659542
1384082805127	,3.014489
1384082805131	,3.8276522
1384082805136	,4.718237
1384082805138	,2.49051
1384082805141	,2.3710778
1384082805144	,3.017958
1384082805146	,2.300614
1384082805149	,2.571031
1384082805152	,2.756271
1384082805154	,2.448478
1384082805157	,2.415261
1384082805159	,2.558037
1384082805162	,2.695575
1384082805165	,2.4618258
1384082805167	,2.526722
1384082805170	,2.752811
1384082805173	,2.341234
1384082805176	,2.900454
1384082805178	,2.561458
1384082805181	,2.695455
1384082805184	,2.714921
1384082805187	,2.750617
1384082805190	,2.985488
1384082805194	,4.185386
1384082805197	,3.278488
1384082805200	,2.573314
1384082805203	,3.070555
1384082805208	,4.591309
1384082805210	,2.341685
1384082805215	,4.3540354
1384082805217	,2.595775
1384082805220	,2.37619
1384082805222	,2.064944
1384082805224	,2.525791
1384082805227	,2.7715712
1384082805230	,2.434593
1384082805232	,2.415568
1384082805236	,4.0998483
1384082805240	,3.569543
1384082805243	,2.850904
1384082805245	,2.158273
1384082805248	,2.2026432
1384082805250	,2.182041
1384082805252	,2.578908
1384082805255	,2.525869
1384082805258	,2.4713492
1384082805260	,2.2968068
1384082805263	,2.5594862
1384082805265	,2.309266
1384082805268	,2.870434
1384082805271	,3.088398
1384082805274	,2.971721
1384082805277	,2.608794
1384082805280	,2.683254
1384082805282	,2.8468292
1384082805286	,3.1183941
1384082805289	,2.790735
1384082805292	,3.0139742
1384082805294	,2.18868
1384082805297	,3.207917
1384082805301	,3.882466
1384082805304	,2.758364
1384082805306	,2.390107
1384082805309	,2.751454
1384082805313	,3.237029
1384082805315	,2.755091
1384082805319	,3.525999
1384082805323	,4.262211
1384082805326	,2.8116322
1384082805329	,2.622374
1384082805331	,2.497242
1384082805337	,5.37708
1384082805341	,3.6306078
1384082805343	,2.746137
1384082805346	,2.448638
1384082805349	,2.599623
1384082805351	,2.288096
1384082805354	,2.611489
1384082805357	,2.7951841
1384082805360	,2.949882
1384082805362	,2.779288
1384082805365	,2.398814
1384082805368	,2.655942
1384082805371	,2.900775
1384082805373	,2.7907019
1384082805377	,3.1036842
1384082805379	,2.439545
1384082805383	,3.381724
1384082805386	,3.772902
1384082805390	,3.3667982
1384082805394	,4.342491
1384082805397	,2.330816
1384082805400	,3.3480558
1384082805403	,2.339107
1384082805405	,2.482689
1384082805408	,2.5289838
1384082805410	,2.534775
1384082805413	,2.205197
1384082805415	,2.347392
1384082805418	,2.992834
1384082805421	,3.2278469
1384082805424	,2.736775
1384082805426	,2.157321
1384082805429	,2.896785
1384082805432	,2.348984
1384082805435	,2.6974041
1384082805437	,2.775035
1384082805440	,2.787565
1384082805443	,2.4675438
1384082805446	,2.97066
1384082805448	,2.3892438
1384082805451	,2.836165
1384082805454	,2.34085
1384082805457	,3.114849
1384082805459	,2.599318
1384082805462	,2.632644
1384082805465	,2.584291
1384082805468	,2.640198
1384082805470	,2.522105
1384082805472	,2.292647
1384082805475	,2.515821
1384082805478	,2.669533
1384082805480	,2.306522
1384082805483	,2.697311
1384082805486	,2.6323602
1384082805489	,3.255158
1384082805491	,2.317628
1384082805496	,4.054267
1384082805498	,2.632821
1384082805501	,2.50419
1384082805504	,2.985825
1384082805507	,2.60723
1384082805509	,2.435562
1384082805512	,2.8634279
1384082805515	,2.7790778
1384082805518	,3.113727
1384082805521	,2.757823
1384082805524	,2.8983111
1384082805526	,2.3983512
1384082805529	,2.8445792
1384082805533	,3.253818
1384082805535	,2.245208
1384082805537	,2.38
1384082805543	,5.247039
1384082805549	,5.976806
1384082805553	,4.1012273
1384082805556	,2.4172819
1384082805558	,2.163387
1384082805560	,2.417381
1384082805563	,2.49493
1384082805565	,2.5328588
1384082805568	,2.8783941
1384082805571	,2.898309
1384082805574	,2.6817172
1384082805577	,2.394656
1384082805579	,2.7427719
1384082805582	,2.7392051
1384082805585	,2.732604
1384082805588	,2.565811
1384082805591	,3.151718
1384082805595	,4.469226
1384082805600	,4.550886
1384082805603	,2.943551
1384082805606	,2.38276
1384082805609	,3.275685
1384082805612	,2.796325
1384082805614	,2.243612
1384082805617	,2.4687428
1384082805619	,2.297334
1384082805622	,2.510355
1384082805626	,4.00031
1384082805629	,3.4812858
1384082805632	,2.713268
1384082805634	,2.317344
1384082805637	,2.2187839
1384082805639	,2.6557639
1384082805642	,2.194074
1384082805644	,2.230916
1384082805646	,2.1510582
1384082805649	,2.615447
1384082805651	,2.4463649
1384082805654	,2.354743
1384082805656	,2.172485
1384082805658	,2.17498
1384082805661	,2.1362872
1384082805663	,1.962116
1384082805665	,2.039931
1384082805667	,2.205028
1384082805669	,2.3424342
1384082805671	,2.059267
1384082805674	,2.2461169
1384082805676	,2.429064
1384082805679	,2.220767
1384082805681	,2.3861809
1384082805684	,3.111625
1384082805687	,2.29424
1384082805690	,2.873198
1384082805692	,2.5255768
1384082805697	,4.5609226
1384082805699	,2.456317
1384082805702	,2.37374
1384082805705	,2.903458
1384082805709	,3.804076
1384082805711	,2.603571
1384082805714	,2.6337981
1384082805717	,2.575113
1384082805719	,2.7212782
1384082805723	,3.0706708
1384082805744	,21.257225
1384082805753	,9.223725
1384082805758	,4.863206
1384082805761	,2.968394
1384082805764	,3.055818
1384082805767	,2.972281
1384082805770	,2.581851
1384082805773	,2.701263
1384082805776	,3.152052
1384082805779	,2.71355
1384082805782	,2.9959838
1384082805785	,2.847857
1384082805788	,3.121176
1384082805791	,2.9289222
1384082805794	,3.324542
1384082805798	,3.935569
1384082805802	,3.9274318
1384082805806	,3.584234
1384082805808	,2.3663068
1384082805811	,2.955605
1384082805814	,2.753905
1384082805817	,2.201718
1384082805820	,3.037125
1384082805822	,2.6185849
1384082805828	,5.41547
1384082805831	,2.929111
1384082805834	,2.973971
1384082805836	,2.363
1384082805839	,2.236434
1384082805841	,2.647035
1384082805844	,2.466865
1384082805846	,2.272024
1384082805849	,2.66123
1384082805852	,2.981905
1384082805855	,2.379917
1384082805858	,2.905038
1384082805860	,2.316394
1384082805863	,2.7487738
1384082805865	,2.260594
1384082805868	,2.568289
1384082805871	,2.970728
1384082805873	,2.325605
1384082805876	,3.213843
1384082805879	,2.422593
1384082805882	,2.618205
1384082805884	,2.496491
1384082805887	,2.773764
1384082805890	,2.403829
1384082805892	,2.580677
1384082805895	,2.494677
1384082805898	,2.802336
1384082805901	,3.442363
1384082805904	,2.8275511
1384082805907	,2.986817
1384082805910	,2.6618612
1384082805912	,2.460541
1384082805915	,2.9418192
1384082805918	,2.363994
1384082805920	,2.5125792
1384082805923	,2.663855
1384082805926	,2.888705
1384082805929	,2.7351441
1384082805932	,3.2649431
1384082805935	,2.840074
1384082805938	,3.2991111
1384082805941	,2.555888
1384082805944	,2.630017
1384082805946	,2.441681
1384082805950	,3.526692
1384082805954	,3.7295249
1384082805959	,5.6345153
1384082805967	,7.2673483
1384082805971	,3.647431
1384082805973	,2.318816
1384082805975	,2.2997959
1384082805978	,2.5371
1384082805980	,2.408873
1384082805983	,2.740497
1384082805986	,2.630091
1384082805989	,2.663341
1384082805992	,2.8301852
1384082805994	,2.872488
1384082805997	,2.729029
1384082806000	,2.781087
1384082806004	,3.457615
1384082806010	,6.731218
1384082806013	,2.566192
1384082806016	,3.173154
1384082806019	,2.399494
1384082806022	,2.6577299
1384082806024	,2.5437372
1384082806027	,2.8341708
1384082806029	,2.3603868
1384082806033	,3.7342758
1384082806036	,2.810708
1384082806039	,2.7474308
1384082806041	,2.371567
1384082806045	,3.065481
1384082806053	,8.126766
1384082806056	,2.658303
1384082806058	,2.592371
1384082806061	,2.63348
1384082806063	,2.353844
1384082806065	,2.1379318
1384082806068	,2.6900082
1384082806070	,2.27302
1384082806073	,2.112594
1384082806075	,2.488706
1384082806078	,2.987621
1384082806080	,2.288654
1384082806083	,2.417377
1384082806085	,2.448996
1384082806088	,2.498276
1384082806091	,2.5602572
1384082806093	,2.570511
1384082806095	,2.288382
1384082806098	,2.40378
1384082806101	,2.664119
1384082806104	,3.2630792
1384082806107	,2.704963
1384082806109	,2.399302
1384082806112	,3.2322981
1384082806115	,2.5538769
1384082806118	,2.6611168
1384082806121	,2.858315
1384082806123	,2.573511
1384082806126	,2.888501
1384082806129	,2.9243731
1384082806132	,2.512254
1384082806135	,2.859295
1384082806139	,4.781979
1384082806144	,4.4289827
1384082806146	,2.450233
1384082806149	,2.5637858
1384082806152	,2.660125
1384082806155	,3.058512
1384082806159	,3.7635949
1384082806161	,2.6753721
1384082806165	,3.276846
1384082806168	,3.123604
1384082806177	,8.853277
1384082806180	,3.0168788
1384082806182	,2.2558181
1384082806185	,2.4119542
1384082806187	,2.629571
1384082806190	,2.4591398
1384082806192	,2.312218
1384082806196	,3.321995
1384082806198	,2.653252
1384082806201	,2.687583
1384082806205	,4.039216
1384082806208	,2.83252
1384082806215	,7.055648
1384082806219	,3.554697
1384082806221	,2.317717
1384082806224	,2.566163
1384082806226	,2.192955
1384082806229	,2.5324981
1384082806232	,2.705649
1384082806234	,2.6114972
1384082806237	,2.303164
1384082806239	,2.716844
1384082806242	,2.4410481
1384082806246	,3.833139
1384082806248	,2.6867352
1384082806251	,2.47686
1384082806254	,3.1879318
1384082806257	,2.407
1384082806259	,2.519708
1384082806262	,2.567327
1384082806265	,2.6002018
1384082806267	,2.616991
1384082806271	,3.2527452
1384082806274	,3.3793278
1384082806278	,3.744822
1384082806282	,3.967479
1384082806285	,2.9201908
1384082806288	,3.059408
1384082806291	,2.883899
1384082806294	,2.787154
1384082806297	,2.945964
1384082806300	,3.103979
1384082806303	,2.7178879
1384082806306	,3.026948
1384082806309	,3.1684852
1384082806314	,4.6615047
1384082806318	,3.631669
1384082806320	,2.8875582
1384082806323	,2.915569
1384082806326	,2.976311
1384082806329	,2.8382108
1384082806332	,2.900261
1384082806335	,2.786702
1384082806338	,2.80015
1384082806341	,2.661331
1384082806344	,2.833364
1384082806346	,2.590002
1384082806349	,2.870051
1384082806352	,2.720844
1384082806356	,4.159713
1384082806359	,3.146332
1384082806363	,3.2858841
1384082806367	,4.201125
1384082806370	,3.229678
1384082806373	,2.631737
1384082806376	,3.298678
1384082806383	,6.892392
1384082806387	,3.326804
1384082806390	,2.668894
1384082806392	,2.67048
1384082806395	,2.607595
1384082806398	,3.419322
1384082806402	,3.1692262
1384082806405	,3.0950048
1384082806408	,2.924279
1384082806411	,3.046594
1384082806414	,2.580738
1384082806417	,3.280267
1384082806422	,4.9349036
1384082806425	,2.5975149
1384082806427	,2.557738
1384082806431	,3.619865
1384082806434	,2.689374
1384082806436	,2.647257
1384082806439	,2.899105
1384082806443	,3.884575
1384082806447	,3.9435859
1384082806451	,3.288918
1384082806453	,2.5854108
1384082806456	,2.990758
1384082806459	,2.5994408
1384082806462	,2.8489108
1384082806465	,3.025998
1384082806470	,4.842813
1384082806473	,3.244486
1384082806476	,2.748927
1384082806479	,2.835739
1384082806482	,3.1367128
1384082806485	,2.963177
1384082806488	,3.016976
1384082806491	,2.8268192
1384082806494	,3.031155
1384082806497	,2.789221
1384082806500	,2.8372371
1384082806503	,2.744335
1384082806506	,2.91022
1384082806509	,2.878661
1384082806512	,2.957358
1384082806515	,3.2903688
1384082806518	,2.8510659
1384082806522	,3.549699
1384082806526	,4.245288
1384082806529	,2.9544451
1384082806532	,2.9688668
1384082806535	,2.454524
1384082806538	,2.98824
1384082806541	,3.185963
1384082806544	,2.932282
1384082806547	,3.173448
1384082806550	,3.2640061
1384082806553	,2.36234
1384082806555	,2.518341
1384082806558	,2.382574
1384082806561	,3.232944
1384082806566	,4.942573
1384082806569	,3.003314
1384082806572	,2.355657
1384082806574	,2.6646879
1384082806577	,2.7955148
1384082806580	,2.851827
1384082806583	,3.1753278
1384082806587	,3.6788511
1384082806591	,4.164523
1384082806596	,4.713696
1384082806599	,2.772055
1384082806602	,3.03399
1384082806605	,2.743021
1384082806608	,2.731835
1384082806611	,3.063831
1384082806614	,2.9635868
1384082806617	,2.882519
1384082806621	,3.825312
1384082806625	,4.541251
1384082806629	,3.533671
1384082806631	,2.243327
1384082806635	,3.304231
1384082806638	,2.812648
1384082806641	,3.13147
1384082806643	,2.380952
1384082806646	,2.8113
1384082806649	,2.799319
1384082806653	,3.9087691
1384082806656	,3.354386
1384082806660	,3.541574
1384082806663	,2.548671
1384082806665	,2.727334
1384082806669	,3.0901551
1384082806672	,3.7817261
1384082806676	,3.362005
1384082806679	,2.962501
1384082806682	,2.8961542
1384082806687	,4.7043653
1384082806690	,2.9441059
1384082806692	,2.712532
1384082806695	,2.79475
1384082806698	,2.7325768
1384082806701	,2.824559
1384082806704	,2.897771
1384082806707	,2.649109
1384082806709	,2.798835
1384082806712	,3.005941
1384082806716	,3.626591
1384082806719	,2.752321
1384082806722	,2.8134232
1384082806725	,3.1626542
1384082806728	,2.5205061
1384082806731	,2.920665
1384082806733	,2.7136478
1384082806737	,3.024758
1384082806739	,2.64515
1384082806742	,2.695622
1384082806745	,2.862757
1384082806748	,3.098768
1384082806751	,3.066821
1384082806755	,3.554606
1384082806758	,2.883977
1384082806760	,2.531121
1384082806764	,3.3507352
1384082806766	,2.659018
1384082806771	,4.155816
1384082806773	,2.6457682
1384082806776	,2.837594
1384082806779	,3.0577018
1384082806782	,2.801951
1384082806785	,2.7903912
1384082806789	,3.2986622
1384082806792	,3.1662452
1384082806798	,5.824877
1384082806803	,5.440403
1384082806808	,4.683956
1384082806810	,2.421725
1384082806813	,2.4258058
1384082806817	,4.336266
1384082806820	,2.647147
1384082806822	,2.4660091
1384082806825	,2.869511
1384082806830	,4.929937
1384082806834	,3.5382671
1384082806837	,2.814015
1384082806840	,3.0315669
1384082806844	,3.482776
1384082806847	,3.061248
1384082806850	,2.8199852
1384082806853	,3.107456
1384082806857	,4.268731
1384082806860	,3.2790601
1384082806863	,2.941565
1384082806866	,2.5040128
1384082806869	,2.641185
1384082806872	,2.863301
1384082806875	,2.8763678
1384082806878	,3.1326041
1384082806881	,2.8854752
1384082806884	,2.910425
1384082806887	,2.851855
1384082806890	,3.199374
1384082806893	,3.122595
1384082806896	,2.781678
1384082806899	,2.634345
1384082806901	,2.55401
1384082806904	,2.421438
1384082806907	,2.803168
1384082806909	,2.475414
1384082806912	,2.656041
1384082806914	,2.541502
1384082806917	,2.8601499
1384082806920	,2.736624
1384082806923	,2.9939709
1384082806926	,2.7478921
1384082806929	,3.4517791
1384082806933	,3.531785
1384082806936	,2.879588
1384082806940	,3.437536
1384082806942	,2.809714
1384082806945	,2.924402
1384082806948	,2.854887
1384082806951	,3.009602
1384082806954	,2.919438
1384082806957	,2.676227
1384082806960	,2.646235
1384082806963	,2.6331651
1384082806966	,3.1500978
1384082806969	,2.947929
1384082806972	,3.430891
1384082806976	,3.7418058
1384082806979	,2.608491
1384082806982	,3.4117
1384082806985	,2.920867
1384082806988	,3.195927
1384082806992	,3.246252
1384082806996	,4.223636
1384082807000	,3.609045
1384082807003	,2.785465
1384082807011	,8.689342
1384082807016	,5.067048
1384082807020	,2.9904108
1384082807022	,2.524427
1384082807025	,2.6181479
1384082807028	,2.958428
1384082807031	,3.056168
1384082807035	,3.707222
1384082807038	,3.1926332
1384082807040	,2.430512
1384082807043	,2.946302
1384082807046	,2.942375
1384082807050	,2.977319
1384082807052	,2.569654
1384082807055	,2.749825
1384082807060	,4.617046
1384082807063	,3.4953911
1384082807066	,3.101729
1384082807069	,2.690367
1384082807072	,2.413095
1384082807075	,2.964601
1384082807077	,2.6749918
1384082807081	,3.368088
1384082807084	,3.1258192
1384082807087	,3.124094
1384082807090	,2.999705
1384082807093	,3.065679
1384082807097	,3.361649
1384082807100	,2.660541
1384082807103	,3.189416
1384082807106	,2.87481
1384082807109	,3.111798
1384082807112	,2.949868
1384082807115	,2.8580658
1384082807118	,2.947093
1384082807121	,2.541106
1384082807124	,3.31502
1384082807128	,4.527184
1384082807131	,2.94424
1384082807134	,2.904692
1384082807138	,3.471907
1384082807142	,3.896104
1384082807145	,2.66609
1384082807148	,3.7101002
1384082807151	,2.8862872
1384082807154	,2.679859
1384082807157	,2.9777958
1384082807160	,3.08569
1384082807164	,3.14527
1384082807169	,4.9765143
1384082807172	,3.269884
1384082807175	,3.090637
1384082807179	,4.12633
1384082807182	,2.6236289
1384082807185	,2.7835329
1384082807188	,2.799905
1384082807191	,3.374957
1384082807194	,2.722853
1384082807197	,3.14992
1384082807200	,2.813643
1384082807203	,3.03346
1384082807206	,2.920364
1384082807209	,2.530235
1384082807211	,2.737696
1384082807216	,4.674495
1384082807222	,5.725396
1384082807228	,5.536153
1384082807230	,2.455476
1384082807233	,2.9333029
1384082807237	,3.4862561
1384082807241	,4.439978
1384082807244	,3.03303
1384082807247	,2.352993
1384082807249	,2.717216
1384082807252	,2.616166
1384082807255	,2.628229
1384082807257	,2.57395
1384082807260	,2.9396522
1384082807263	,2.736267
1384082807266	,2.7225358
1384082807270	,3.605012
1384082807273	,2.783549
1384082807275	,2.82573
1384082807278	,2.676053
1384082807281	,2.9449198
1384082807284	,3.00035
1384082807288	,3.27004
1384082807291	,3.551017
1384082807294	,3.096643
1384082807297	,2.634048
1384082807299	,2.366953
1384082807302	,2.309215
1384082807306	,4.497088
1384082807310	,3.246783
1384082807313	,3.00279
1384082807315	,2.3795931
1384082807319	,3.2160969
1384082807322	,2.9370358
1384082807324	,2.752903
1384082807327	,2.970397
1384082807330	,2.591356
1384082807333	,2.7387662
1384082807336	,2.636064
1384082807338	,2.591789
1384082807341	,2.3754728
1384082807344	,3.1024961
1384082807348	,3.833291
1384082807350	,1.962031
1384082807352	,2.3328989
1384082807354	,2.084595
1384082807356	,2.17782
1384082807358	,1.8624351
1384082807360	,1.990776
1384082807362	,1.8300439
1384082807364	,1.943439
1384082807366	,2.009401
1384082807371	,4.6363816
1384082807374	,2.549802
1384082807376	,2.1324332
1384082807379	,2.578639
1384082807381	,2.5424361
1384082807383	,1.823478
1384082807385	,1.995085
1384082807387	,1.8847679
1384082807389	,2.190402
1384082807391	,2.082649
1384082807394	,2.020289
1384082807396	,1.906765
1384082807398	,2.062693
1384082807400	,2.4998689
1384082807402	,2.181466
1384082807405	,2.019991
1384082807408	,3.167047
1384082807410	,2.049695
1384082807412	,2.1124618
1384082807414	,1.961105
1384082807416	,2.323482
1384082807419	,2.211061
1384082807421	,2.3932118
1384082807423	,2.127333
1384082807434	,11.004469
1384082807440	,5.1825123
1384082807442	,2.519619
1384082807446	,3.3082
1384082807448	,2.718259
1384082807451	,2.111441
1384082807453	,2.025459
1384082807455	,1.991918
1384082807457	,2.144968
1384082807459	,2.034169
1384082807461	,2.215118
1384082807464	,2.045085
1384082807466	,1.971439
1384082807468	,1.9305251
1384082807471	,2.972377
1384082807473	,2.2321079
1384082807475	,2.408746
1384082807477	,2.0692759
1384082807480	,1.987776
1384082807481	,1.885738
1384082807484	,2.354356
1384082807486	,2.193376
1384082807488	,2.1802452
1384082807509	,20.244547
1384082807512	,3.5512338
1384082807515	,2.602143
1384082807517	,2.444641
1384082807520	,2.4184408
1384082807523	,2.638634
1384082807525	,2.389668
1384082807528	,2.768886
1384082807531	,2.666669
1384082807533	,2.331085
1384082807535	,2.168165
1384082807538	,2.302829
1384082807540	,2.281912
1384082807542	,2.3772428
1384082807545	,2.330198
1384082807547	,2.473603
1384082807550	,2.530189
1384082807553	,2.7019498
1384082807555	,2.549033
1384082807558	,2.3668158
1384082807560	,2.009091
1384082807562	,2.121592
1384082807564	,2.121609
1384082807566	,2.175938
1384082807568	,1.9573051
1384082807571	,2.154666
1384082807573	,2.232832
1384082807576	,2.554331
1384082807578	,2.149038
1384082807583	,5.297003
1384082807585	,2.1150892
1384082807588	,2.714266
1384082807591	,2.5203922
1384082807594	,2.9678998
1384082807596	,2.154742
1384082807599	,2.45757
1384082807601	,2.548178
1384082807604	,2.814283
1384082807607	,3.0117161
1384082807610	,2.57398
1384082807614	,4.3974667
1384082807617	,2.5351622
1384082807620	,2.790507
1384082807622	,2.707633
1384082807625	,2.5967548
1384082807628	,2.767567
1384082807631	,2.7924929
1384082807635	,4.204854
1384082807641	,6.062634
1384082807645	,3.899164
1384082807650	,4.864415
1384082807653	,2.440003
1384082807655	,2.358682
1384082807657	,2.413938
1384082807660	,2.763257
1384082807663	,2.5239289
1384082807666	,2.649118
1384082807668	,2.543301
1384082807671	,2.405282
1384082807674	,3.110485
1384082807677	,3.312215
1384082807681	,3.247997
1384082807683	,2.3334222
1384082807685	,2.283735
1384082807688	,2.395569
1384082807690	,2.5845492
1384082807693	,2.825197
1384082807697	,3.596607
1384082807699	,2.176221
1384082807702	,2.37925
1384082807704	,2.385248
1384082807707	,2.731557
1384082807710	,2.9431622
1384082807713	,2.673022
1384082807716	,3.0877328
1384082807718	,2.444572
1384082807721	,2.665314
1384082807724	,2.617537
1384082807726	,2.2872648
1384082807729	,2.813287
1384082807732	,2.747026
1384082807735	,2.955584
1384082807737	,2.633155
1384082807740	,2.9093878
1384082807743	,2.494493
1384082807746	,2.60367
1384082807748	,2.2160192
1384082807753	,4.9919887
1384082807756	,2.644319
1384082807758	,2.631209
1384082807762	,3.1733
1384082807764	,2.484666
1384082807766	,2.078736
1384082807769	,2.4566188
1384082807771	,2.264859
1384082807774	,2.786053
1384082807777	,2.716636
1384082807780	,3.14229
1384082807784	,4.2167683
1384082807787	,2.630666
1384082807789	,1.971664
1384082807791	,2.251502
1384082807794	,2.320696
1384082807797	,2.720392
1384082807799	,2.369525
1384082807801	,2.3702981
1384082807804	,2.202656
1384082807806	,2.245796
1384082807809	,3.187833
1384082807812	,2.7718492
1384082807814	,2.3611422
1384082807817	,2.6037328
1384082807821	,3.924406
1384082807824	,3.096649
1384082807828	,3.3410501
1384082807830	,2.343626
1384082807833	,2.6284552
1384082807836	,2.9413302
1384082807838	,2.281488
1384082807844	,5.3633122
1384082807849	,5.759076
1384082807857	,7.749577
1384082807860	,2.729265
1384082807862	,2.35222
1384082807865	,2.273742
1384082807867	,2.6858191
1384082807870	,2.292321
1384082807872	,2.40288
1384082807876	,3.528886
1384082807879	,2.580107
1384082807881	,2.536825
1384082807884	,2.623123
1384082807886	,2.2544441
1384082807889	,2.5453029
1384082807891	,1.999961
1384082807893	,2.461998
1384082807896	,2.1455119
1384082807898	,2.232432
1384082807900	,2.506802
1384082807903	,2.5286398
1384082807906	,2.429131
1384082807908	,2.234712
1384082807910	,2.2781122
1384082807913	,2.5693312
1384082807915	,2.4598029
1384082807918	,2.2253392
1384082807920	,2.428018
1384082807924	,3.375084
1384082807926	,2.371378
1384082807928	,2.396576
1384082807931	,2.135323
1384082807933	,2.557179
1384082807936	,2.1866288
1384082807938	,2.296802
1384082807940	,1.967041
1384082807943	,2.525926
1384082807945	,2.0430279
1384082807949	,4.072352
1384082807951	,2.160241
1384082807954	,2.580556
1384082807956	,2.357268
1384082807960	,3.455129
1384082807962	,2.8693888
1384082807966	,3.775521
1384082807969	,2.615854
1384082807972	,2.6754498
1384082807974	,2.443849
1384082807977	,2.890823
1384082807980	,3.086063
1384082807983	,3.0268588
1384082807988	,4.414391
1384082807991	,3.2707539
1384082807994	,2.523822
1384082807996	,2.45349
1384082807999	,2.620999
1384082808002	,3.000426
1384082808005	,2.506044
1384082808007	,2.4935138
1384082808010	,2.6145692
1384082808013	,3.166548
1384082808016	,2.685502
1384082808019	,2.744621
1384082808021	,2.243251
1384082808024	,3.2708101
1384082808028	,4.0544143
1384082808031	,2.447499
1384082808034	,2.602735
1384082808036	,2.5155978
1384082808040	,3.481691
1384082808043	,3.431705
1384082808047	,4.124468
1384082808050	,2.650196
1384082808054	,3.937587
1384082808063	,8.556324
1384082808067	,4.55225
1384082808072	,4.577115
1384082808076	,3.658567
1384082808079	,2.738366
1384082808081	,2.459728
1384082808084	,2.7961001
1384082808087	,2.593586
1384082808089	,2.552906
1384082808092	,2.293102
1384082808094	,2.514219
1384082808097	,2.465419
1384082808099	,2.572926
1384082808102	,2.476085
1384082808105	,2.973751
1384082808108	,2.785706
1384082808111	,2.9401898
1384082808113	,2.617295
1384082808116	,2.729571
1384082808119	,2.701487
1384082808122	,2.721831
1384082808125	,2.71602
1384082808127	,2.728636
1384082808131	,3.3994431
1384082808134	,3.031613
1384082808136	,2.470122
1384082808139	,2.7628589
1384082808142	,2.674053
1384082808145	,2.849637
1384082808148	,2.664609
1384082808150	,2.676699
1384082808153	,2.4483159
1384082808156	,2.81568
1384082808158	,2.541296
1384082808161	,2.865023
1384082808164	,2.839429
1384082808168	,3.318074
1384082808171	,3.854333
1384082808175	,3.385273
1384082808178	,3.032158
1384082808182	,3.6249309
1384082808184	,2.4978268
1384082808188	,3.278455
1384082808191	,3.5668092
1384082808195	,3.883464
1384082808198	,2.7308059
1384082808201	,2.816394
1384082808204	,2.573633
1384082808206	,2.883826
1384082808210	,3.613043
1384082808213	,3.199281
1384082808217	,3.051006
1384082808220	,3.0026631
1384082808222	,2.678069
1384082808225	,2.751833
1384082808229	,3.341033
1384082808233	,4.209704
1384082808236	,3.312085
1384082808239	,2.902494
1384082808242	,2.5868092
1384082808244	,2.625826
1384082808247	,2.7869542
1384082808250	,2.918192
1384082808253	,2.5555491
1384082808255	,2.4537199
1384082808259	,3.233707
1384082808262	,2.726328
1384082808264	,2.6275802
1384082808267	,2.6159542
1384082808272	,5.156718
1384082808275	,3.035803
1384082808279	,4.011771
1384082808282	,2.8055859
1384082808284	,2.2139528
1384082808287	,2.5581322
1384082808290	,2.449983
1384082808294	,4.271625
1384082808297	,3.111553
1384082808300	,3.159437
1384082808303	,2.565112
1384082808307	,3.4596598
1384082808309	,2.716728
1384082808312	,2.627747
1384082808315	,2.530663
1384082808317	,2.851407
1384082808320	,2.8118029
1384082808323	,2.950692
1384082808326	,2.7839088
1384082808329	,3.0122972
1384082808333	,3.266457
1384082808337	,4.2066813
1384082808340	,2.6544652
1384082808343	,2.859056
1384082808345	,2.691046
1384082808348	,2.726836
1384082808351	,2.5454519
1384082808354	,2.760805
1384082808356	,2.753333
1384082808359	,2.96921
1384082808362	,2.580893
1384082808365	,2.8242152
1384082808368	,2.932092
1384082808371	,2.578613
1384082808374	,3.621033
1384082808379	,4.652389
1384082808382	,3.2317882
1384082808385	,2.6601431
1384082808387	,2.216489
1384082808391	,4.070269
1384082808396	,4.109857
1384082808399	,3.1340501
1384082808401	,2.3612251
1384082808403	,2.2274861
1384082808406	,2.283843
1384082808409	,2.741776
1384082808411	,2.73601
1384082808414	,2.843353
1384082808417	,2.7743292
1384082808420	,3.135893
1384082808423	,3.072723
1384082808427	,3.587864
1384082808430	,2.7360148
1384082808433	,2.970967
1384082808437	,4.463914
1384082808442	,4.217958
1384082808446	,4.075787
1384082808449	,2.959962
1384082808453	,4.139582
1384082808456	,2.713915
1384082808459	,2.758002
1384082808462	,3.126328
1384082808465	,2.546039
1384082808468	,3.047482
1384082808470	,2.463865
1384082808474	,3.5642948
1384082808479	,4.819518
1384082808483	,4.369587
1384082808486	,2.949879
1384082808489	,2.654127
1384082808491	,2.2994351
1384082808494	,2.4898999
1384082808497	,2.8142061
1384082808500	,2.890832
1384082808502	,2.7880301
1384082808505	,2.8059962
1384082808508	,3.0976431
1384082808511	,2.791429
1384082808514	,2.513763
1384082808517	,3.046567
1384082808520	,3.2978868
1384082808523	,2.910733
1384082808527	,3.408836
1384082808530	,2.817666
1384082808533	,2.783638
1384082808536	,3.677052
1384082808541	,4.179315
1384082808544	,3.5012
1384082808547	,2.767287
1384082808550	,2.869572
1384082808553	,2.801686
1384082808556	,2.900777
1384082808559	,2.773299
1384082808561	,2.822836
1384082808564	,2.687299
1384082808567	,2.784621
1384082808570	,2.773033
1384082808573	,2.93718
1384082808576	,2.620313
1384082808579	,3.002489
1384082808583	,3.964686
1384082808588	,5.483325
1384082808591	,2.9018898
1384082808595	,3.802663
1384082808599	,3.35818
1384082808604	,5.786216
1384082808607	,2.785086
1384082808610	,2.566577
1384082808612	,2.5251722
1384082808615	,2.9661388
1384082808618	,2.5172992
1384082808621	,3.081094
1384082808624	,3.072006
1384082808627	,2.869493
1384082808631	,3.2287838
1384082808634	,3.124187
1384082808636	,2.551159
1384082808640	,3.7260768
1384082808643	,2.635385
1384082808647	,4.014637
1384082808650	,2.698111
1384082808652	,2.649673
1384082808656	,3.156901
1384082808660	,3.9367008
1384082808662	,2.450598
1384082808665	,2.8923368
1384082808669	,3.355656
1384082808671	,2.7761889
1384082808674	,2.548602
1384082808677	,2.8059242
1384082808680	,2.871369
1384082808684	,3.6231441
1384082808689	,5.83045
1384082808695	,5.802064
1384082808700	,4.356035
1384082808703	,2.836649
1384082808706	,2.912366
1384082808708	,2.716083
1384082808711	,2.5716002
1384082808713	,2.380348
1384082808716	,2.649801
1384082808719	,2.996628
1384082808722	,2.9486752
1384082808725	,2.850974
1384082808728	,2.605573
1384082808731	,2.7338898
1384082808734	,3.221083
1384082808751	,16.997805
1384082808753	,2.510083
1384082808756	,2.730813
1384082808759	,2.714117
1384082808762	,2.756073
1384082808765	,2.678177
1384082808767	,2.570533
1384082808770	,2.601857
1384082808773	,2.602594
1384082808775	,2.676895
1384082808778	,2.707499
1384082808781	,2.533886
1384082808784	,3.5530071
1384082808787	,3.029543
1384082808792	,4.454894
1384082808795	,2.82391
1384082808798	,3.792017
1384082808801	,2.703063
1384082808804	,2.612324
1384082808807	,2.809519
1384082808809	,2.481462
1384082808812	,2.631891
1384082808815	,2.8292649
1384082808818	,2.4449122
1384082808821	,3.149147
1384082808824	,2.875146
1384082808827	,3.0180922
1384082808829	,2.1602209
1384082808832	,2.4496632
1384082808835	,3.1445959
1384082808838	,2.828755
1384082808840	,2.609525
1384082808843	,2.9812982
1384082808846	,2.923466
1384082808850	,3.3375978
1384082808853	,3.237823
1384082808856	,2.472186
1384082808858	,2.3141432
1384082808861	,3.342494
1384082808864	,2.2854528
1384082808866	,2.6337419
1384082808869	,2.690082
1384082808872	,2.973161
1384082808874	,2.160278
1384082808877	,2.52375
1384082808880	,2.648866
1384082808883	,3.18951
1384082808885	,2.360074
1384082808888	,2.377832
1384082808891	,2.735883
1384082808894	,2.82658
1384082808896	,2.768066
1384082808899	,2.824799
1384082808902	,2.660862
1384082808905	,2.7856412
1384082808907	,2.334454
1384082808911	,4.113958
1384082808915	,3.04614
1384082808918	,3.391844
1384082808921	,2.7388191
1384082808924	,3.458437
1384082808927	,2.724452
1384082808930	,2.6887672
1384082808933	,2.742562
1384082808936	,2.912886
1384082808938	,2.5478458
1384082808941	,2.722343
1384082808944	,2.9300592
1384082808947	,2.814433
1384082808950	,2.685931
1384082808953	,3.090496
1384082808956	,2.84762
1384082808959	,2.8094828
1384082808962	,2.9502409
1384082808965	,3.1285
1384082808968	,2.962219
1384082808971	,2.808116
1384082808974	,2.7965481
1384082808977	,2.942892
1384082808979	,2.7786598
1384082808982	,2.909976
1384082808985	,2.676583
1384082808989	,3.462617
1384082808991	,2.706713
1384082808997	,5.1989484
1384082809001	,3.9324641
1384082809005	,3.826777
1384082809008	,3.798301
1384082809012	,3.172669
1384082809014	,2.497229
1384082809017	,2.577696
1384082809021	,4.4098253
1384082809024	,2.8915339
1384082809027	,2.938876
1384082809031	,3.133884
1384082809034	,2.94527
1384082809037	,2.940309
1384082809040	,3.65754
1384082809043	,2.6596498
1384082809046	,2.6754909
1384082809048	,2.301142
1384082809051	,2.830013
1384082809054	,2.925894
1384082809058	,3.5111609
1384082809061	,3.0489829
1384082809065	,4.1391172
1384082809068	,2.834579
1384082809071	,3.690171
1384082809074	,2.80448
1384082809077	,2.6173959
1384082809080	,2.9605
1384082809083	,2.6830459
1384082809086	,3.031402
1384082809089	,2.6338081
1384082809092	,3.2061079
1384082809095	,3.01349
1384082809099	,3.616927
1384082809102	,2.9287572
1384082809106	,4.339748
1384082809109	,2.986002
1384082809112	,2.533549
1384082809114	,2.434993
1384082809117	,2.842797
1384082809120	,2.784655
