71.242
91.112
100.901
110.784
120.73
120.729
130.933
150.927
161.014
171.156
180.908
190.775
200.724
210.704
220.702
220.758
230.765
240.725
250.688
260.859
270.706
280.71
280.686
290.667
300.924
311.015
331.027
341.278
350.987
360.77
370.723
380.709
390.707
400.837
410.749
410.714
420.704
430.887
440.73
450.705
460.685
470.92
480.93
490.927
500.956
510.991
520.805
530.727
540.715
550.691
560.697
560.673
570.681
580.679
590.681
590.685
600.763
610.675
620.711
630.869
640.923
651.039
661.099
681.16
691.049
700.773
710.711
720.675
720.691
730.676
740.718
750.693
760.7
770.725
770.825
780.704
790.719
800.727
810.979
820.977
840.969
850.991
861.096
870.815
880.712
890.796
901.139
910.866
920.722
930.722
940.933
950.793
960.693
960.681
970.819
980.954
1000.893
1010.989
1020.966
1030.811
1040.721
1040.69
1050.694
1060.718
1070.714
1080.688
1090.784
1100.821
1100.687
1110.708
1120.685
1130.673
1140.868
1150.885
1160.903
1170.776
1180.715
1190.69
1190.789
1200.787
1210.732
1220.881
1230.917
1240.911
1250.746
1260.704
1270.676
1280.678
1290.712
1290.724
1300.756
1310.865
1320.817
1330.746
1340.701
1350.691
1350.684
1360.7
1370.721
1380.697
1390.675
1400.694
1400.782
1410.695
1420.682
1430.673
1440.707
1451.002
1460.834
1470.774
1480.906
1490.728
1490.694
1500.712
1510.731
1520.71
1530.708
1540.693
1540.682
1550.765
1560.752
1570.694
1580.697
1580.683
1590.69
1600.684
1610.684
1620.71
1630.72
1630.812
1650.907
1650.772
1660.693
1670.775
1680.707
1690.753
1700.743
1710.75
1710.685
1720.713
1730.687
1740.665
1750.69
1750.683
1760.661
1770.673
1780.656
1790.687
1790.678
1800.724
1810.89
1820.774
1830.76
1840.717
1850.71
1860.694
1860.731
1870.695
1880.681
1890.779
1900.795
1910.722
1910.692
1920.855
1930.858
1940.87
1950.883
1971.124
1980.996
1990.763
2000.693
2000.688
2010.684
2020.825
2030.697
2040.679
2050.672
2050.672
2060.71
2070.727
2080.672
2090.665
2090.67
2100.666
2110.664
2120.667
2130.661
2130.709
2140.928
2150.772
2160.677
2170.675
2180.679
2180.672
2190.66
2200.92
2221.096
2230.994
2240.919
2250.864
2260.725
2270.713
2270.692
2280.678
2290.672
2300.678
2300.722
2320.942
2320.781
2330.691
2340.686
2350.684
2360.672
2360.725
2370.776
2380.747
2390.735
2400.817
2410.724
2420.689
2430.731
2430.691
2440.681
2450.672
2460.683
2470.749
2470.716
2490.929
2500.902
2500.774
2510.744
2520.802
2530.723
2540.689
2550.816
2560.744
2570.718
2580.726
2580.684
2590.675
2600.701
2610.668
2610.662
2620.663
2630.685
2640.716
2650.893
2660.805
2670.729
2680.698
2680.711
2690.685
2700.706
2710.674
2720.769
2730.833
2730.724
2740.718
2750.718
2760.735
2770.693
2780.718
2790.725
2790.707
2800.69
2810.732
2820.86
2830.797
2840.735
2850.691
2850.677
2860.7
2870.683
2880.664
2890.677
2900.968
2910.937
2920.827
2930.722
2930.721
2940.761
2950.727
2960.694
2970.68
2980.882
2990.831
3000.741
3010.723
3010.682
3020.693
3030.695
3040.682
3050.662
3050.705
3060.683
3070.677
3080.663
3080.675
3090.696
3100.662
3110.662
3120.663
3120.66
3130.662
3140.656
3150.914
3160.825
3170.789
3180.712
3190.677
3190.662
3200.664
3210.663
3220.655
3220.785
3230.848
3240.715
3250.716
3260.719
3270.682
3280.678
3280.661
3290.701
3300.743
3310.715
3320.887
3330.762
3340.719
3340.711
3350.675
3360.671
3370.669
3380.669
3380.661
3390.698
3400.704
3410.732
3420.746
3430.736
3430.692
3440.69
3450.693
3460.691
3470.691
3470.667
3480.875
3490.793
3500.697
3510.75
3520.738
3530.772
3540.715
3540.681
3550.702
3560.687
3570.672
3580.725
3590.726
3590.716
3600.698
3610.684
3620.674
3630.711
3630.671
3640.889
3650.886
3660.785
3670.704
3680.752
3690.751
3700.761
3710.774
3720.698
3730.688
3730.667
3740.862
3750.741
3760.75
3770.808
3780.728
3790.695
3790.71
3800.709
3810.708
3820.885
3830.726
3840.69
3850.692
3850.725
3860.684
3870.676
3880.802
3901.883
3921.168
3930.881
3940.884
3950.848
3960.883
3970.833
3980.799
3990.818
4001.15
4011.096
4021.053
4030.792
4040.799
4050.716
4060.689
4070.696
4070.704
4080.677
4090.669
4100.663
4110.685
4110.736
4120.824
4130.706
4140.691
4150.769
4160.866
4170.721
4180.691
4190.73
4190.775
4210.983
4220.833
4220.77
4230.761
4240.674
4250.706
4260.745
4270.681
4270.671
4280.854
4290.748
4300.704
4310.69
4320.76
4330.864
4340.758
4340.753
4350.692
4360.85
4370.995
4402.441
4410.929
4420.755
4430.71
4440.77
4450.807
4450.77
4460.747
4470.716
4480.878
4490.906
4500.755
4510.754
4520.779
4530.735
4540.832
4550.96
4560.748
4570.691
4570.8
4580.712
4590.696
4600.859
4610.724
4620.799
4630.759
4640.715
4640.693
4650.755
4660.88
4670.734
4680.794
4690.768
4700.685
4710.774
4720.905
4730.779
4730.691
4740.673
4750.667
4760.885
4770.835
4780.71
4790.689
4790.745
4800.754
4810.71
4820.735
4830.931
4840.792
4850.729
4850.675
4860.685
4870.663
4881.027
4891.111
4911.124
4920.937
4930.83
4940.719
4940.692
4950.701
4960.704
4970.752
4980.714
4990.78
5000.928
5010.791
5021.175
5030.885
5041.08
5061.189
5070.975
5080.966
5090.859
5100.789
5110.822
5120.894
5130.859
5140.978
5150.841
5160.962
5170.825
5180.73
5190.687
5190.701
5200.682
5210.752
5220.943
5230.841
5240.823
5250.715
5260.674
5270.821
5280.782
5280.687
5290.679
5300.67
5310.725
5320.691
5330.852
5330.806
5340.782
5350.7
5360.667
5370.716
5380.68
5390.889
5400.937
5410.85
5410.705
5420.715
5430.696
5440.686
5450.677
5450.667
5460.672
5470.739
5480.693
5490.754
5500.978
5510.887
5521.167
5530.933
5540.948
5550.982
5571.038
5580.801
5580.693
5590.672
5600.682
5610.675
5620.703
5620.694
5630.671
5640.766
5650.706
5660.779
5670.805
5680.954
5690.792
5690.706
5700.69
5710.685
5720.686
5730.675
5741.136
5750.875
5760.72
5770.753
5770.747
5780.796
5790.744
5800.702
5810.687
5820.781
5831.03
5840.802
5850.762
5860.807
5870.816
5870.71
5880.685
5890.687
5900.793
5910.903
5920.75
5930.679
5930.669
5940.672
5950.668
5960.676
5960.692
5970.691
5980.828
5990.835
6000.893
6010.763
6020.695
6030.726
6040.816
6050.885
6060.928
6070.869
6080.903
6090.856
6100.715
6100.697
6110.706
6120.681
6130.688
6140.731
6140.802
6161.145
6171.009
6180.748
6190.704
6190.755
6200.719
6210.687
6220.76
6230.759
6240.762
6250.887
6260.792
6260.712
6270.692
6280.686
6290.811
6300.887
6310.749
6320.752
6330.776
6340.877
6350.758
6350.718
6360.733
6370.703
6380.757
6390.724
6400.759
6410.744
6410.717
6420.695
6430.788
6440.729
6450.697
6460.837
6470.923
6480.817
6480.702
6490.804
6500.861
6510.781
6520.736
6530.695
6540.718
6550.856
6560.771
6560.706
6570.68
6580.688
6590.673
6600.709
6600.71
6610.681
6620.771
6630.781
6640.728
6650.694
6650.685
6660.784
6670.901
6680.758
6690.705
6700.768
6710.761
6720.691
6720.692
6730.676
6740.683
6750.682
6750.679
6760.709
6770.732
6781.164
6790.858
6800.707
6810.749
6820.733
6830.778
6840.884
6850.734
6850.712
6860.841
6870.722
6880.698
6890.679
6901.051
6911.081
6920.77
6930.714
6940.764
6950.816
6960.729
6960.701
6970.704
6980.691
6990.684
7000.742
7010.916
7020.85
7031.116
7040.838
7050.707
7060.686
7060.766
7070.711
7080.673
7090.668
7100.739
7110.755
7110.767
7120.75
7130.783
7140.717
7150.693
7160.691
7160.76
7180.915
7190.835
7200.858
7200.796
7210.769
7220.717
7230.758
7240.785
7250.716
7260.879
7270.801
7280.739
7280.695
7290.761
7300.723
7310.681
7320.753
7320.706
7330.754
7340.99
7350.84
7370.916
7370.781
7380.764
7390.703
7400.762
7410.71
7420.745
7430.766
7430.69
7440.682
7450.705
7460.729
7470.827
7480.781
7490.842
7501.082
7511.267
7521.026
7540.913
7540.819
7550.8
7560.718
7570.767
7580.886
7590.783
7600.711
7610.692
7610.677
7620.692
7630.727
7640.712
7650.783
7660.715
7670.876
7680.883
7680.753
7690.692
7700.975
7710.821
7720.763
7730.698
7740.787
7750.744
7750.681
7760.68
7770.674
7780.777
7790.766
7800.719
7800.762
7810.718
7820.954
7830.85
7840.854
7850.733
7860.7
7870.909
7880.823
7890.696
7900.757
7900.808
7910.705
7920.698
7930.68
7940.73
7940.697
7950.686
7960.675
7970.742
7980.882
7991.143
8011.211
8021.023
8030.792
8040.896
8050.817
8050.763
8060.828
8070.781
8080.761
8090.695
8100.683
8110.691
8110.681
8120.676
8130.726
8140.77
8150.793
8150.692
8160.678
8170.921
8180.793
8190.684
8200.67
8210.817
8220.949
8230.826
8240.78
8240.703
8250.69
8260.677
8270.702
8270.684
8280.675
8290.767
8300.791
8310.716
8320.764
8320.694
8330.87
8340.901
8350.698
8360.669
8370.74
8381.002
8390.781
8400.686
8410.825
8410.692
8420.672
8430.696
8440.68
8440.658
8450.657
8460.749
8470.706
8480.668
8480.752
8490.72
8500.698
8510.872
8520.789
8530.705
8540.752
8550.921
8560.799
8560.775
8570.845
8580.774
8590.796
8600.709
8610.686
8620.767
8630.804
8630.821
8640.79
8650.696
8660.712
8670.68
8680.879
8690.747
8690.686
8700.854
8710.915
8720.781
8730.709
8740.761
8750.732
8760.733
8760.699
8792.167
8800.91
8800.75
8810.703
8820.722
8830.751
8840.803
8850.911
8860.842
8870.797
8880.893
8891.095
8900.978
8910.933
8920.766
8930.712
8940.794
8950.766
8950.689
8960.685
8970.693
8980.678
8980.717
8990.682
9000.764
9010.882
